193
1 0
3 21 23 38 39
1.96 1.96 5.6 4.56 8.08
6.56 2.4 159.12 0.8 3.76
2 0
7 17 17 16 19 39 39 39
12.36 5.56 9.64 13.28 9.68 1.52 10.64 15.64
3.96 2.4 0.4 0.2 1.56 3.76 2.16 5.48
3 0
7 17 19 34 37 39
5.26 3.6 3.6 3.56 4.44 1.28
4.12 0.8 0.76 0.28 0.6 5.48
4 0
7 7 7 7 7 9 7 8 8 17 16 17 36 34
0.42 5.68 11.9 14.15 16.91 19.61 25.49 31.88 40.48 2.92 5.72 28.24 40.32 8.56
4.12 1.06 1.33 1.43 0.81 5.11 6.38 5.36 10.2 0.36 0.28 0.84 0.24 0.4
5 0
8 36
0.8 0.64
10.2 0.24
6 0
7 16 16 34 34 34
13.18 4.92 15.8 6.0 10.92 12.76
3.68 0.52 0.2 0.44 0.36 0.24
7 0
9 9 8 16 17 34
2.36 7.26 10.11 1.2 7.16 8.48
4.19 1.88 5.61 0.2 0.28 0.4
8 0
7 7 9 17 16 17 36 34 34
4.33 9.36 15.37 11.68 17.92 12.8 15.56 16.0 17.88
3.76 1.52 0.79 0.24 0.28 1.16 0.32 0.52 0.12
9 0
19 39
2.24 3.2
0.64 12.0
10 0
19 36
3.64 4.12
2.96 0.36
11 0
10 14 19 36 34 34
4.16 3.04 1.36 1.84 2.12 2.64
1.04 1.12 2.96 0.36 0.4 0.4
12 0
7 7 9 7 7 9 7 8 8 8 9 10 16 16 16 14 14 19 36 34 34 34 34 34
5.88 7.52 12.49 15.22 19.04 23.65 28.08 30.02 33.59 35.72 37.72 1.6 5.28 8.4 32.68 0.48 5.36 11.36 9.8 0.08 6.32 10.12 22.76 33.72
0.73 1.33 1.03 1.94 2.18 2.67 0.97 3.09 1.03 1.88 2.97 1.04 0.24 0.16 0.2 1.12 0.48 0.36 0.56 0.4 0.28 0.48 0.52 0.24
13 0
9 7 7 7 21 34
0.84 4.6 6.9 10.26 9.44 7.28
2.97 1.27 2.61 1.22 9.08 0.2
14 0
7 7 16 30 21
2.1 3.71 2.36 5.56 8.24
0.52 2.12 0.16 2.68 21.56
15 0
8 9 9 8 10 17 21 35
3.67 7.09 11.28 12.8 10.0 4.48 1.04 3.32
1.63 2.41 0.75 9.49 1.04 1.76 21.56 0.2
16 0
9 8 7 30 29 21 39
0.12 1.64 14.16 11.4 15.24 13.12 10.72
0.75 9.49 1.17 1.04 2.4 1.88 3.0
17 0
9 29 21
4.34 0.4 3.4
7.09 2.4 99.08
18 0
7 9 8 11 8 7 9 9 16 16 36 34 34 34 39
9.0 14.71 20.9 23.74 24.22 30.35 31.93 37.98 8.36 11.72 38.2 4.56 9.92 20.44 38.12
4.88 5.02 2.71 0.34 6.12 1.4 5.09 1.58 0.28 0.2 0.2 0.48 0.24 0.24 5.72
19 0
9 7 7 3 3 16 19 36 39
0.86 5.06 6.3 2.32 8.04 3.8 3.48 1.08 1.0
1.58 0.69 1.51 3.12 4.16 0.24 0.6 0.2 5.72
20 0
9 8 8 8 7 8 9 9 9 3 3 3 3 3 16 16 16 16 19 34 34 39
5.68 7.29 11.15 14.79 21.95 23.67 26.41 31.1 35.5 1.64 6.84 16.72 32.32 39.5 3.4 4.96 11.64 14.36 39.56 2.24 12.8 35.8
0.58 2.48 1.37 1.59 1.1 2.55 3.93 1.24 3.65 4.16 1.04 5.18 2.6 13.77 0.24 1.04 0.28 0.28 0.36 0.36 0.32 8.68
21 0
3 16 14 19 19
0.82 4.44 4.56 0.88 3.6
13.77 0.2 0.44 0.36 0.4
22 0
16 17 14
0.6 2.68 0.72
0.2 2.52 0.44
23 0
7 2 17 16 27 21 39
12.16 10.36 0.92 12.16 10.36 10.96 11.64
3.44 2.76 2.52 0.28 0.92 7.52 2.24
24 0
7 2 16 16 17 19 30 37 37 39
0.88 5.36 0.88 4.36 11.8 6.92 20.56 7.24 8.6 0.36
3.44 30.48 0.28 0.28 18.84 23.72 2.12 0.48 21.68 2.24
25 0
16 21 39
9.88 12.48 11.76
0.96 23.6 4.72
26 0
7 7 3 2 16 21 34 34 34 39
2.92 6.32 5.08 7.92 3.32 1.24 6.16 7.64 10.4 0.52
1.08 1.48 1.6 2.68 0.56 23.6 0.36 0.16 0.2 4.72
27 0
7 9 3 3 16 17 34 34
2.04 4.68 2.04 5.76 2.48 11.4 0.68 6.08
0.68 0.96 2.64 36.16 0.32 9.2 0.2 0.32
28 0
17 17 14 14 14 28 27 27 39
0.36 12.28 13.64 18.28 20.72 5.16 7.72 14.76 13.8
9.2 1.36 1.68 1.12 0.56 2.56 3.72 9.16 10.84
29 0
14 14 14 27 21 21
1.0 3.0 5.56 8.52 3.6 9.24
0.56 0.48 0.44 1.64 3.4 22.52
30 0
10 7 3 14 27 21 36
4.48 7.32 5.56 2.64 1.12 1.84 2.96
0.96 1.2 2.72 0.52 1.64 22.52 0.16
31 0
7 9 7 3 3 16
1.92 3.36 5.36 0.16 6.32 2.68
1.2 1.28 1.44 2.72 10.96 0.36
32 0
7 3 17
0.76 1.72 4.88
1.44 10.96 2.04
33 0
7 7 3 17 16 16 19 27
5.04 8.68 9.6 0.52 3.68 4.44 7.16 2.28
0.88 1.12 28.4 2.04 0.24 0.24 0.36 0.96
34 0
7 3 17 27 28 27
1.0 1.92 3.32 2.48 3.04 5.4
1.12 28.4 8.72 0.52 2.16 6.92
35 0
14 27 29
2.0 3.0 6.4
0.44 3.28 3.28
36 0
9 3 17 16 16 16 14 14 29 28 27 28 21 21 34
14.32 15.4 4.04 13.52 15.72 17.0 2.88 13.08 1.04 8.2 10.88 12.84 6.12 13.76 15.12
1.28 4.12 0.4 0.4 0.24 2.64 0.48 1.24 3.28 2.32 1.28 1.16 2.2 41.68 0.52
37 0
9 3 16 16
4.32 0.28 0.6 1.88
1.24 4.12 0.24 2.64
38 0
9
1.24
1.24
39 0
9 8 8 9 11 9 3 3 3 3 3 3 3 2 6 17 16 16 17 16 16 14 14 19 19 23 21 36 34 34 34 34 34 37 34 34 39
0.2 3.92 6.04 19.16 29.68 43.68 2.04 5.4 12.04 14.72 14.72 19.76 22.04 58.32 65.88 13.28 14.8 20.56 24.92 35.64 62.92 25.44 60.84 60.72 66.48 37.44 61.32 36.32 3.52 9.72 10.92 16.64 24.96 35.56 57.24 63.0 60.72
1.24 1.6 8.4 4.56 13.56 15.64 1.96 0.36 1.68 0.12 4.36 1.08 7.28 6.96 25.48 0.2 0.24 0.24 4.8 0.28 0.44 0.52 1.72 2.64 3.64 23.08 18.08 0.32 0.48 0.36 0.24 0.28 0.12 0.24 0.44 0.28 8.8
40 0
6 17 14 14 19
0.6 4.84 2.2 3.8 1.2
25.48 3.8 0.36 0.32 3.64
41 0
17 14 14
1.28 0.24 6.16
3.8 0.32 0.36
42 0
7 9 7 9 3 2 2 2 2 16 17 17 14 14 14 31 27 21 21 34
17.12 24.84 27.68 33.24 18.84 25.48 28.76 30.72 32.76 23.12 26.68 32.2 1.04 7.36 9.64 5.16 6.16 11.44 29.12 18.84
2.08 2.04 4.68 3.12 5.52 2.08 0.92 1.36 0.76 0.44 0.16 0.76 0.36 0.24 0.24 0.96 4.76 15.48 33.64 0.64
43 0
9 11 7 7 7 2 2 3 3 3 3 17 16 16 16 16 17 17 14 19 27 36 34 38 34 39
1.24 10.72 17.24 20.84 23.56 0.76 4.0 11.72 14.44 18.24 26.4 0.2 6.44 14.04 18.12 23.56 26.16 30.28 33.48 23.12 30.36 10.2 4.32 10.8 11.72 11.24
3.12 1.72 1.88 1.2 3.12 0.76 6.68 1.8 3.12 5.72 37.84 0.76 0.2 0.24 0.28 0.28 0.56 11.04 0.32 0.28 13.24 0.56 0.72 0.28 0.72 2.88
44 0
17 14 14 14 14 31 36 36 36
12.4 1.56 3.56 5.16 9.32 11.8 3.08 6.8 10.92
0.36 0.32 0.24 0.2 0.52 3.0 0.32 0.24 0.44
45 0
11 10 11 10 9 17 16 17 17 31 27 28 27 21 34
21.16 23.48 26.44 28.8 30.44 1.4 3.44 13.0 23.2 0.8 3.88 11.04 16.28 19.64 28.28
1.72 2.64 2.12 1.48 3.68 0.36 0.32 1.48 0.32 3.0 6.76 4.52 3.56 44.4 0.36
46 0
9 11 7 9 7 10 16 17 16 16 34 34 34 37 39
0.72 4.72 11.28 17.96 25.52 31.88 3.52 8.52 16.76 25.76 9.6 21.08 30.28 31.48 33.16
3.68 6.16 5.96 6.88 4.72 1.56 0.36 0.68 0.2 0.36 0.4 0.56 0.4 0.28 6.28
47 0
10 7 11 7 3 3 16 16 16 14 19 27 29 21 37 34 34 39
0.4 6.2 11.04 17.92 2.48 2.48 10.8 15.08 17.44 3.0 3.0 2.76 4.84 3.92 0.0 13.12 14.44 1.68
1.56 4.44 6.52 7.48 0.12 4.8 0.24 0.24 0.16 0.52 2.2 1.16 0.72 37.0 0.28 0.12 0.32 6.28
48 0
7 16 16 34
1.8 1.32 7.6 7.96
7.48 0.16 0.28 0.28
49 0
8 7 7 7 11 8 7 2 2 3 17 17 17 16 16 16 17 30 21 34 34 34
1.96 3.68 8.8 12.0 18.96 25.24 27.64 6.24 25.96 29.36 12.32 13.6 14.68 17.64 20.12 27.68 32.0 17.04 19.4 0.28 10.96 25.4
1.4 3.48 2.48 6.48 6.2 1.4 6.04 2.16 2.52 2.16 0.2 0.16 0.68 0.12 0.2 0.32 0.52 1.52 26.2 0.28 0.24 0.48
50 0
7 11 7 7 10 9 3 17 16 16 17 17 16 16 17 14 14 14 19 29 28 21 36 36 34 39
2.48 8.32 10.44 24.6 25.84 29.04 11.56 0.0 6.6 9.4 11.96 14.92 19.72 22.96 27.96 17.88 19.88 27.08 20.04 13.08 16.16 18.68 9.44 25.04 6.4 21.08
4.6 1.6 1.96 1.08 2.68 1.28 13.12 0.52 1.48 0.2 0.36 1.44 0.48 0.44 1.24 0.52 0.28 0.24 1.36 3.0 1.8 22.72 0.28 0.6 0.32 3.16
51 0
9 7 3 3 17 16 16 15
1.88 6.44 3.2 7.68 0.8 3.6 6.28 6.48
1.28 2.28 3.52 10.8 1.24 0.28 0.28 0.32
52 0
7 7 3 16 16 17 16 15 15 14 15 19 29 21 36
0.56 12.12 1.8 0.4 4.72 10.84 12.4 0.6 4.48 10.32 12.88 3.52 8.16 10.04 13.36
2.28 2.04 10.8 0.28 0.4 1.52 0.96 0.32 0.36 1.72 0.12 0.56 2.28 48.24 0.48
53 0
7 7 10 7 3 3 16 15 36 34 34
0.36 3.32 4.8 7.56 2.08 6.44 0.64 1.12 1.6 2.68 6.6
2.04 1.12 1.36 1.8 2.28 1.24 0.96 0.12 0.48 0.44 0.2
54 0
7 3 3 19 36 34
1.16 0.04 2.2 2.36 4.52 0.2
1.8 1.24 7.04 5.4 0.64 0.2
55 0
7 9 10 7 8 7 8 3 3 3 16 16 16 16 16 14 14 28 27 36 36 34 34 37 37 37 36 39
6.68 10.72 12.76 15.48 28.36 30.08 31.48 9.08 24.76 32.72 4.8 8.08 14.92 16.92 26.8 2.0 33.48 37.04 39.92 1.44 32.12 12.28 32.4 36.92 38.32 39.36 40.52 2.08
2.44 1.72 2.4 9.68 1.6 1.4 1.76 2.24 3.84 12.84 0.16 0.48 0.56 0.24 0.28 0.36 2.44 2.8 3.56 0.64 0.2 0.88 0.32 0.28 0.2 0.12 0.16 3.44
56 0
7 8 3 16 14 14 27 21 36 37 36 34
6.56 7.84 8.88 7.68 3.0 5.84 1.28 4.48 2.0 0.72 1.88 5.88
1.24 1.2 1.24 0.12 0.72 0.68 3.56 46.4 0.2 0.12 0.16 0.2
57 0
8 8 7 11 11 7 3 3 2 3 3 16 16 16 16 14 37 34
0.64 2.64 9.0 12.6 17.68 21.44 1.68 4.68 15.2 18.32 22.24 0.48 5.4 8.76 17.28 4.88 3.64 17.4
1.2 1.72 3.44 2.64 1.4 1.16 1.24 4.04 2.44 2.64 2.44 0.12 0.6 0.12 0.84 1.16 0.2 0.24
58 0
7 11 3 2 2 2 16 16 14 14 34 34
2.72 10.76 0.24 3.96 8.28 11.28 2.56 10.84 2.76 10.68 2.84 8.64
7.76 1.56 2.44 1.56 2.12 0.4 0.4 0.32 0.12 0.12 0.12 0.32
59 0
11 7 11 2 3 3 16 17 14 14 29
0.52 2.2 5.04 1.04 2.16 6.16 0.6 6.24 0.44 7.2 11.4
1.56 2.6 2.36 0.4 2.12 42.6 0.32 5.88 0.12 0.24 2.64
60 0
17 14 14 19 29 27 36 36 36 34 34 39
5.0 3.24 6.44 7.2 0.12 2.8 4.8 6.0 12.04 8.72 9.64 8.48
2.12 0.24 0.32 3.08 2.64 11.16 0.16 0.28 0.12 0.2 0.12 0.88
61 0
14 14 14 19 28 27 36 37
3.12 5.72 11.08 12.84 2.96 5.24 0.96 3.88
0.2 0.2 0.28 0.68 2.16 9.72 0.12 0.12
62 0
7 10 7 9 8 7 3 3 3 17 17 16 16 17 16 14 19 28 27 21 37 37 36 36 34 34 39
13.36 14.96 18.96 24.28 28.48 32.56 19.52 25.32 29.76 3.92 7.28 13.12 14.12 17.16 32.8 5.04 0.56 2.72 4.72 14.12 2.48 4.28 6.68 10.32 23.04 29.08 10.92
1.48 4.08 1.08 1.6 1.72 1.08 4.56 3.44 2.8 0.12 0.2 0.12 0.16 2.24 1.4 0.36 0.68 1.6 7.4 26.32 0.28 0.36 0.16 0.16 0.36 0.36 0.28
63 0
7 6 16 17 14 14 14 14 14 14 19 19 27 27 27 27 29 21 21 36 36 36 37 36 36 36 34
1.0 2.0 1.24 8.16 5.16 18.76 21.04 28.08 31.04 33.6 4.32 18.6 9.0 16.36 23.68 35.88 39.32 13.76 21.08 19.96 22.04 23.6 31.6 33.84 39.28 41.48 5.0
1.08 73.08 1.4 7.8 0.56 0.64 0.32 0.2 0.12 0.32 1.8 0.48 3.88 4.88 11.36 3.2 2.6 2.28 2.68 0.2 0.12 0.16 0.12 0.12 0.12 0.12 0.32
64 0
14 14 14 14 19 19 28 27 28 31 27 27 27 36 36 36 39
5.64 10.04 19.64 22.04 10.16 23.8 2.68 8.2 12.52 15.88 17.16 19.28 22.24 1.56 19.52 4.12 9.24
1.48 0.92 0.44 0.24 0.96 1.36 5.16 4.16 3.2 1.0 1.72 1.96 6.6 0.12 0.36 0.12 1.6
65 0
16 14 19
6.48 6.44 0.76
0.44 0.48 1.36
66 0
7 8 7 3 3 3 16 16 16 16 17 14 28 21 36 34 34
6.96 12.04 17.52 8.0 14.28 20.32 1.08 5.6 13.52 14.08 23.84 1.04 22.16 4.72 19.16 15.32 19.16
1.4 1.8 2.32 4.32 3.36 12.64 0.44 0.12 0.2 0.84 5.52 0.48 6.68 18.28 0.24 0.36 0.4
67 0
8 8 7 9 3 3 3 3 17 16 16 16 14 14 14 19 21 36 34 34 34
9.64 14.16 26.84 28.64 11.08 21.96 28.16 30.2 0.68 12.36 24.4 25.2 11.76 22.08 24.56 29.84 8.08 11.96 18.48 21.08 21.84
1.48 8.36 1.36 1.24 3.44 4.92 0.36 1.84 5.52 0.28 0.16 0.32 0.4 0.36 0.32 0.52 59.0 0.12 0.28 0.24 0.32
68 0
7 3 3 19 34
3.08 1.4 4.72 1.04 4.32
2.48 1.84 0.6 0.52 0.4
69 0
8 7 3 3 3 16 14 19 34 34 37
3.36 8.4 1.12 4.36 9.16 7.2 12.24 13.36 0.72 7.8 11.2
1.36 1.24 0.6 3.8 7.64 0.12 0.52 0.44 0.4 0.16 0.2
70 0
5 14 14 14 19 19 19 39
5.48 2.72 5.28 7.08 1.08 5.76 8.32 2.44
6.56 0.36 0.24 0.4 0.44 0.64 1.36 21.84
71 0
17 37 39
2.0 2.11 4.08
6.6 5.56 3.28
72 0
19 39
2.44 1.64
0.36 3.28
73 0
7 17 19 34 37
2.02 3.84 6.68 4.44 4.43
2.02 6.64 0.2 0.44 5.27
74 0
7 7 14 17 19 37 37 39
4.12 7.16 2.0 5.88 1.56 4.88 5.89 2.56
1.45 0.35 0.2 1.56 0.2 0.4 1.02 1.88
75 0
7 7 7 9 17 17 17 17 17 28 35 37 37 37 39
1.52 2.39 11.06 12.75 0.24 2.08 4.08 5.36 12.72 9.44 10.16 0.25 5.23 12.4 13.6
0.35 3.03 1.59 2.22 1.56 0.92 0.12 6.24 0.44 1.24 0.12 1.02 6.0 0.44 0.16
76 0
9 9 9 9 9 7 7 7 7 15 17 17 17 17 17 17 17 1 19 34 34 34 37 34 34 34 34 34 34 34 34 34 34 34 37 37 37 37 37 39 39 39 39 39
0.71 3.71 18.26 20.26 37.04 58.04 71.08 74.02 77.24 44.72 0.68 2.88 13.08 14.96 17.24 19.32 23.96 27.04 80.0 5.44 8.6 12.12 15.96 19.88 22.8 24.72 28.32 34.0 39.84 48.04 51.8 56.8 65.48 77.6 0.36 3.0 14.41 23.49 27.0 1.56 6.0 11.6 24.6 76.76
2.22 13.22 1.0 3.33 2.56 3.8 1.72 1.67 4.55 0.12 0.44 1.08 0.88 1.0 1.28 1.52 2.16 47.4 0.28 0.2 0.44 0.4 0.88 0.36 0.12 0.12 0.72 0.12 0.12 0.12 0.12 1.64 0.76 0.12 0.44 0.0 1.17 1.76 47.57 0.16 0.12 4.32 3.96 2.32
77 0
7 19 34
5.42 1.4 4.32
1.98 0.28 0.28
78 0
7
0.58
1.98
79 0
7 34
2.33 13.24
30.28 0.36
80 0
8 8 34
13.89 18.12 9.52
3.78 2.33 0.28
81 0
8 9 34
0.84 3.84 4.08
2.33 3.0 0.12
82 0
9 7 2 34
1.28 4.84 2.32 1.52
3.0 2.78 0.16 0.12
83 0
17 37
2.04 2.0
15.36 15.37
84 0
9 7 2 19 19 39
9.62 12.18 13.28 8.24 13.04 8.96
1.67 14.63 7.96 1.76 0.68 6.92
85 0
7 16 2 17 17 17 19 30 34 34 34 39 39
17.75 10.04 1.0 9.76 14.92 20.52 0.76 4.4 7.32 13.84 16.08 10.6 12.08
21.11 0.2 7.96 0.2 3.32 1.12 0.68 0.84 0.44 0.24 0.36 0.32 0.24
86 0
17 34 34 34
11.6 4.2 10.16 11.64
0.12 0.24 0.4 0.12
87 0
7 34 37
5.25 7.0 6.41
1.0 0.32 2.92
88 0
17 5 17 28 34 37 34 25 37 39
8.52 3.72 6.08 2.48 0.36 7.84 10.88 2.84 5.03 9.48
0.2 1.84 6.36 1.16 0.32 0.56 0.44 2.34 7.03 5.56
89 0
34 34 39
1.4 2.4 0.0
0.44 0.4 5.56
90 0
7 17 17 34 34 37
7.98 2.08 9.56 2.88 7.56 2.21
9.55 6.44 0.12 0.12 0.24 5.71
91 0
9 17 17 2
9.44 7.92 1.36 4.16
5.33 0.2 0.12 1.32
92 0
7 34
5.96 2.68
3.67 0.12
93 0
7 7 8 7 8 7 2 27 31 34 34 37 39
1.36 7.58 10.05 12.03 13.69 17.8 4.68 27.12 29.0 5.56 11.88 26.51 17.64
3.67 2.44 1.54 1.56 3.89 8.89 5.36 1.84 2.04 0.12 0.12 3.07 2.88
94 0
7 31 34 37
7.18 1.6 7.44 4.16
14.0 2.04 0.2 37.6
95 0
7 7 7 11 8 8 16 2 28 37 34 34 37 34 34 34
0.54 14.96 17.4 25.88 29.4 33.48 16.52 14.68 35.36 16.16 0.8 21.52 21.84 26.56 28.64 35.24
14.0 2.36 8.36 1.92 1.84 1.28 0.24 1.6 9.72 0.36 0.2 0.28 0.2 0.2 0.16 0.12
96 0
7 14 14 14 17 28 34
10.6 8.28 10.76 11.6 3.0 1.72 1.6
1.64 0.44 0.16 0.12 1.64 9.72 0.12
97 0
7 8 7 7 7 16 16 17 17 16 14 14 2 34 34 34 37 21
0.6 2.76 4.2 24.16 27.8 14.4 20.52 21.28 46.48 49.6 0.76 1.6 25.52 7.84 12.6 44.16 2.08 11.24
1.64 0.88 19.12 1.88 40.12 0.24 0.16 0.16 0.16 0.12 0.16 0.12 22.56 0.2 0.24 0.16 9.12 88.88
98 0
16 17 34
1.08 6.44 3.64
0.12 1.8 0.16
99 0
9 7 7 8 11 7 8 7 2 2 17 2 30 34 34 34 34 34 34 34 34 37 37 39
13.64 21.0 26.44 32.96 34.28 37.6 44.48 45.88 2.96 8.72 24.72 27.8 45.88 6.04 8.56 12.6 15.44 19.88 25.56 52.96 56.32 43.04 49.44 46.48
5.52 4.04 6.48 1.24 1.84 6.68 1.2 25.2 1.32 1.44 2.12 2.52 3.28 0.12 0.24 0.16 0.12 0.12 0.12 0.12 0.52 2.72 198.84 2.24
100 0
9 7 7 17 2 2 34 34 34
15.24 19.6 25.88 25.2 8.72 27.36 0.24 5.68 12.04
4.2 4.08 6.76 0.2 0.88 4.92 0.52 1.04 1.2
101 0
8 2
3.48 4.36
2.08 3.56
102 0
8 7 8 7 7 7 7 16 2 34 34 34
0.92 4.96 6.88 8.8 13.96 14.08 17.48 16.44 1.8 3.04 8.88 13.52
2.08 1.68 1.4 3.8 0.12 2.36 10.2 0.32 3.56 0.64 0.8 0.96
103 0
7 7 2 34 34 34 39
0.08 12.8 13.64 6.24 10.36 13.96 11.84
10.2 9.56 3.0 0.12 0.68 0.8 1.6
104 0
34
6.56
1.2
105 0
7 2
2.88 3.32
4.72 6.2
106 0
2
0.24
6.2
107 0
7 7 7 16 2 2 2 36 34 34 34 34 34
4.12 9.56 16.56 9.88 7.4 19.04 23.16 2.56 8.0 14.52 24.88 27.68 33.68
4.44 6.72 39.96 0.2 5.56 2.28 11.84 1.6 0.8 0.68 0.68 0.52 0.52
108 0
7 16 2 28 34
20.16 16.6 10.92 17.52 11.36
1.8 0.16 8.28 1.24 0.96
109 0
7 7 9 7 11 7 9 7 11 7 8 7 7 9 16 2 2 2 2 34 34 34 34 34 34
1.48 4.72 12.92 14.52 19.04 21.24 24.76 26.36 31.12 33.68 37.92 41.32 44.24 56.36 26.92 5.48 12.2 15.68 48.96 9.32 17.56 22.2 29.24 33.36 42.2
1.8 8.08 1.56 4.24 2.04 2.64 1.32 2.12 2.4 4.24 3.32 0.6 12.08 7.56 0.56 4.92 1.44 1.92 1.36 2.12 0.64 1.08 0.8 0.8 1.08
110 0
9 34 21
0.24 4.56 5.32
7.56 0.68 32.44
111 0
10 7 7 11 7 2 17 28 30 34 34 21 39
3.96 5.0 11.2 15.24 22.52 11.92 32.08 32.88 34.04 0.2 21.24 0.96 16.44
0.84 2.32 4.0 6.96 8.6 2.52 4.96 1.16 1.24 0.68 0.12 32.44 3.72
112 0
7 7 8 11 17 2 30 31 34 37 21 21
3.36 6.96 13.04 16.36 6.48 9.08 0.72 11.44 9.2 14.64 2.44 12.0
2.72 4.44 1.84 5.92 0.88 2.0 1.24 1.16 1.56 0.92 8.92 158.04
113 0
7 16 16 17 2 34
5.28 3.04 14.28 4.28 9.32 4.0
18.76 0.2 0.24 1.72 5.8 0.8
114 0
34
3.6
1.08
115 0
7 7 7 7 7 7 7 8 7 11 7 16 16 17 16 2 2 2 2 34 34 34 34 34 34 34 39 39 39 39
3.12 10.84 19.12 22.8 31.56 31.56 49.04 63.72 65.72 69.28 76.28 21.72 31.68 34.48 86.72 13.16 16.96 21.36 67.44 0.52 6.76 8.92 29.56 48.32 66.0 75.64 15.76 36.36 42.88 89.8
5.12 6.56 2.48 5.04 0.12 15.56 14.6 1.72 1.96 6.8 32.44 0.24 0.12 0.16 0.16 1.16 3.0 2.52 1.28 1.08 0.8 0.64 1.2 1.6 0.28 0.2 2.64 3.16 5.44 0.52
116 0
2 39
2.88 1.64
8.08 0.52
117 0
7 34 39
18.92 12.36 15.0
3.68 0.12 1.52
118 0
7 11 7 17 30 34 34 34 21 39
0.32 4.2 16.64 21.92 18.88 8.36 13.72 23.36 21.88 12.84
3.68 12.44 18.88 0.68 2.72 0.52 0.12 0.36 70.08 0.12
119 0
7 8 9 7 8 7 7 8 7 9 16 16 16 2 2 2 5 31 28 34 34 34 34 34 34 34 34 34 37 37
13.48 20.24 23.2 29.76 52.4 55.52 60.52 62.32 66.84 73.64 6.32 24.08 39.72 10.48 64.96 71.12 72.8 69.8 70.68 7.68 19.56 27.68 34.0 35.8 44.2 49.28 55.04 65.44 67.92 73.8
6.52 2.8 6.4 22.64 2.92 3.2 1.72 1.48 5.08 3.44 0.2 0.16 0.28 2.8 4.84 0.88 1.4 0.8 2.2 0.2 0.16 1.84 0.32 0.4 0.36 0.16 0.48 0.16 2.0 73.6
120 0
9 8 7 7 17 17 17 5 17 17 2 2 2 2 37 34 34 34 35 34 35 34 37 39
1.08 8.92 12.48 32.6 17.64 19.56 21.76 0.24 5.88 11.28 15.72 22.4 30.64 35.36 5.88 11.96 18.72 25.64 26.8 28.72 28.84 44.6 1.24 29.52
3.44 1.72 18.76 20.88 0.12 0.12 0.12 1.4 3.08 2.08 1.36 2.04 2.0 8.24 0.96 0.24 0.2 0.16 0.12 0.12 0.12 0.36 73.6 3.28
121 0
2 2 2 34 34
2.6 5.92 9.44 1.12 6.68
1.32 0.64 11.32 0.36 0.12
122 0
7 7 7 16 2 2 2 17 34 34 34 34 39
3.96 23.2 31.92 28.76 1.48 14.8 19.0 29.28 3.16 11.88 21.48 30.08 22.28
15.44 6.84 10.88 0.2 11.32 2.64 4.84 3.76 0.12 0.28 0.64 0.24 0.52
123 0
7 2 2 37
0.6 3.36 5.48 3.2
10.88 0.12 2.12 29.92
124 0
9 7 2 2 2 17 34 34 34
8.08 13.88 1.88 17.28 19.84 22.24 12.76 16.44 22.52
5.72 26.4 2.12 0.28 1.12 6.88 0.24 0.28 0.32
125 0
8 7 16 2 34 34 21
17.48 19.04 3.88 7.0 24.2 26.68 7.68
1.24 30.92 0.12 4.4 0.24 0.2 155.12
126 0
11 8 7 7 2 17 2 36 34 34 34 34 39 39
22.08 28.44 30.4 39.68 6.84 15.08 18.84 5.16 4.24 20.8 30.44 38.44 6.96 21.12
6.28 1.0 8.2 6.36 1.84 0.68 0.64 1.68 0.2 0.4 0.4 0.44 11.84 5.36
127 0
7 2 39
0.92 2.2 2.92
6.36 1.88 1.2
128 0
7 7 7 8 8 7 2 2 2 2 34 37 34 34 34 34 34 34 39
7.0 28.0 37.84 42.28 46.88 50.84 0.4 5.2 15.12 26.32 7.36 17.72 24.16 27.96 36.64 42.2 45.76 49.68 1.12
20.2 7.96 4.44 1.92 2.08 3.92 1.88 1.8 4.88 1.76 0.2 1.04 0.16 0.2 0.16 0.12 0.16 0.24 1.2
129 0
8 7 8 2 34 34
3.64 5.24 8.2 3.36 4.52 11.28
1.48 1.76 3.72 3.92 0.32 0.2
130 0
7 8 7 8 7 7 7 30 36 34 34 34 34 34 34 37 39 39 39
3.04 9.72 16.0 19.72 22.0 24.72 44.32 36.44 40.12 1.8 23.8 33.8 35.84 40.24 43.16 33.68 2.32 12.48 24.08
4.28 6.2 3.6 2.2 1.92 17.4 11.2 0.88 0.16 0.2 0.36 0.28 0.2 0.12 0.12 40.8 4.08 4.56 0.76
131 0
39
3.56
0.52
132 0
7 7 2 2 2 2 2 2 37 34 34 34 34 34 34 34 34 34 34 21 39 39
3.16 17.4 13.32 14.52 28.56 48.88 60.64 67.76 2.08 6.0 12.08 15.68 24.16 34.84 40.8 45.68 56.28 59.28 63.48 20.04 1.28 27.08
13.24 61.0 0.12 1.28 7.8 10.28 1.68 4.6 1.28 1.8 0.28 0.12 0.24 0.28 0.24 1.4 0.52 0.4 0.2 85.28 0.52 3.32
133 0
11 7 8 7 11 8 7 8 8 8 7 7 2 2 2 2 2 2 2 2 2 37 34 34 34 34 34 34 34 34 34 34 34 37
7.48 9.2 19.28 27.96 35.0 39.48 41.88 54.96 58.12 63.64 67.88 83.2 4.64 16.8 29.32 31.44 40.16 43.08 45.0 49.44 80.8 6.2 9.24 13.36 22.2 25.04 38.2 45.76 50.52 57.76 64.32 72.12 81.36 34.56
1.6 9.44 3.48 6.76 2.48 2.08 12.8 1.84 5.08 3.36 12.68 3.16 2.32 0.32 0.56 0.88 0.96 0.8 1.8 2.52 1.84 3.08 1.16 0.12 0.2 1.44 0.16 0.32 0.2 0.2 0.32 0.32 2.08 126.0
134 0
7 7 8 9 7 7 8 17 17 17 2 17 27 34 34 34 34 39 39
1.92 7.44 14.04 18.08 22.72 34.6 37.0 4.56 9.72 28.52 38.52 40.4 38.6 0.08 16.0 23.0 38.28 6.0 42.48
3.16 6.08 3.44 4.28 2.72 2.4 1.16 2.64 1.52 5.52 0.8 4.0 0.36 2.08 0.28 0.2 0.24 3.88 2.84
135 0
7 17 28 39
2.68 3.0 3.92 0.24
1.96 1.4 0.52 2.84
136 0
8 8 7 8 7 8 7 7 8 7 7 11 8 17 2 2 17 2 17 28 31 28 29 28 36 34 34 34 34 34 34 34 37 34 34 34 37 37 37 21 39
2.0 3.88 8.6 13.04 17.2 27.2 31.6 36.04 43.6 49.0 56.36 74.16 77.4 3.0 5.04 6.64 49.04 50.96 56.4 0.56 32.92 33.32 39.36 46.8 25.28 7.52 12.16 25.6 39.76 45.4 55.64 57.52 62.48 68.12 72.16 73.52 36.32 40.08 47.72 62.92 31.88
1.76 4.2 4.28 3.88 8.28 3.8 3.0 7.44 4.12 6.04 17.36 1.44 7.84 0.8 0.76 2.24 0.36 3.24 1.28 0.52 0.4 2.48 0.56 0.76 0.28 0.2 0.2 0.24 0.48 0.32 0.36 0.48 0.76 0.2 0.2 0.16 3.04 6.96 13.12 16.64 0.52
137 0
8 7 34 37
1.92 10.36 7.36 4.24
7.84 13.64 0.28 89.0
138 0
7 8 7 7 7 11 7 2 2 2 37 34 34 34 34 34 34 34
1.68 15.68 18.32 23.36 35.8 39.64 45.32 24.04 27.72 36.2 13.72 12.12 18.96 20.92 22.04 28.64 31.36 33.72
13.64 2.04 3.08 10.68 3.4 4.92 10.56 2.28 2.12 1.24 0.16 0.24 0.32 0.24 0.4 0.32 0.2 0.32
139 0
7 34
1.16 7.2
10.56 0.44
140 0
10 7 11 2 34 34 34 34
6.56 7.88 11.48 4.68 0.8 5.56 11.2 13.28
1.24 3.36 2.64 3.0 0.44 0.76 0.44 0.24
141 0
9 8 11 7 11 2 17 2 2 34 34 34 34 34 34 37 34 34 23
3.84 11.6 16.56 20.68 28.68 13.4 19.68 22.32 27.36 0.72 2.72 6.24 9.48 15.48 20.28 21.28 24.72 28.2 22.0
5.48 3.72 2.2 7.08 3.68 0.16 1.48 3.92 0.64 0.24 0.28 0.4 0.24 0.16 0.2 0.6 0.2 0.28 177.56
142 0
11 8
0.28 4.24
3.68 2.44
143 0
8 34
0.4 2.4
2.44 0.68
144 0
7 8 11 7 7 8 7 2 2 2 17 2 34 34 34 34 34 34 34 34 34 34 34 34 34 34 34 34 34 34 34 34 39
2.8 32.44 35.8 39.44 54.72 78.0 84.88 13.4 40.96 73.4 82.2 84.96 1.64 7.12 11.76 16.6 23.76 35.08 37.6 40.8 52.44 55.76 66.44 74.44 78.0 79.88 82.08 90.6 91.68 93.92 97.64 105.12 70.2
29.04 2.72 3.2 13.12 22.44 4.92 22.88 18.84 30.52 2.04 2.76 15.52 0.68 0.28 0.24 0.28 0.24 0.24 0.28 0.28 0.56 0.36 0.44 0.4 0.36 0.64 0.24 0.16 0.36 0.4 0.32 0.4 3.0
145 0
8 34
2.08 3.84
3.08 0.32
146 0
7 9 7 8 7 8 11 7 17 17 17 2 36 34 34 34 37 34 34 34 34 37 34
2.0 10.96 14.36 19.32 21.4 27.76 32.2 34.4 12.4 20.72 30.2 33.36 8.4 0.0 3.6 7.16 7.6 15.16 21.68 25.08 31.52 32.0 36.16
8.64 1.68 4.52 1.76 6.08 1.88 2.0 6.48 2.0 0.92 2.08 7.4 0.64 0.32 0.36 0.24 0.76 0.48 0.6 0.6 0.44 0.88 0.32
147 0
11 11 8 7 34 34
4.8 4.96 7.04 12.8 1.04 7.48
0.12 1.92 3.96 7.64 0.2 0.44
148 0
7 8 7 8 2 2 2 30 36 34 35 37 34 23 39
1.08 9.2 20.76 27.32 2.44 4.32 12.76 8.4 9.08 13.68 19.88 23.44 28.52 9.96 20.8
7.64 11.08 6.4 5.28 0.88 5.4 6.0 0.84 0.36 0.12 1.88 0.64 0.76 53.76 2.64
149 0
7 8 7 2 2 17 2 17 34 34 34 34 34 34 34 34 39
3.6 27.0 31.32 16.36 22.12 29.76 32.52 44.4 3.2 10.56 17.64 18.16 18.84 20.16 23.08 27.24 27.16
23.36 1.6 12.76 3.4 2.44 1.44 3.12 16.16 0.44 0.44 0.12 0.12 0.12 0.12 0.84 3.48 3.56
150 0
7 21
13.68 15.96
9.76 17.32
151 0
11 7 11 7 7 8 7 11 10 2 2 2 17 17 30 28 28 34 34 34 34 34 34 34 34 37 37 21 37 21 21 39 39 39 39
8.32 13.72 22.6 27.32 62.2 71.68 73.48 78.4 93.56 32.6 40.76 48.16 58.0 81.6 18.08 58.56 92.32 7.32 13.4 25.36 45.88 62.32 64.76 68.04 74.8 86.0 89.92 0.36 20.48 60.08 95.4 6.84 38.52 43.12 84.4
4.68 8.68 2.2 30.04 9.28 1.6 4.84 2.48 1.36 4.4 2.52 1.28 4.28 11.72 1.88 0.56 2.64 0.76 0.6 0.64 0.84 0.12 0.12 0.12 0.16 0.4 0.24 17.32 38.16 32.12 2.04 1.92 1.08 4.2 1.64
152 0
3 30 28
1.96 2.48 4.0
4.82 1.2 1.16
153 0
7
3.04
1.72
154 0
7 7
4.74 10.68
3.93 1.72
155 0
7 7 27
3.91 6.03 6.44
1.72 1.67 3.64
156 0
7 6 27 22 25
0.91 2.8 1.32 2.0 4.96
1.67 23.22 3.64 1.88 4.76
157 0
10 30 21
11.16 0.68 6.32
5.04 3.44 55.84
158 0
7 10 7 7 7 7 7 9 9 7 7 6 17 17 17 17 17
13.25 16.84 19.94 22.89 25.93 31.83 34.09 36.85 40.83 42.5 45.0 1.97 29.24 32.75 35.29 39.6 43.44
1.38 3.0 1.52 1.57 3.19 1.23 1.43 2.6 0.84 0.79 0.93 11.21 2.42 1.36 2.07 1.12 1.48
159 0
7 7 17 17 25
1.72 6.6 0.16 2.58 4.8
0.93 1.52 1.48 4.13 9.4
160 0
7 7 17 17 30
1.76 3.87 5.64 8.42 9.04
1.52 4.37 1.24 11.45 9.52
161 0
7 25
9.43 8.96
1.23 19.4
162 0
7 17 25
0.99 2.43 0.52
1.23 12.28 19.4
163 0
7 8 3 3
6.31 9.99 7.74 11.99
1.03 1.77 2.07 3.31
164 0
7 3 6 30
5.91 1.47 9.49 2.04
3.34 3.31 24.88 24.44
165 0
6
1.05
24.88
166 0
9 6 27 28 28 25
10.23 13.4 0.44 3.16 6.4 8.8
3.0 7.67 2.12 2.2 0.12 18.04
167 0
7
6.86
1.28
168 0
7 3 30
0.46 2.9 6.84
1.28 31.17 8.32
169 0
7 3 25
6.57 7.71 5.16
0.88 1.89 13.08
170 0
7 7 3 3
0.17 3.36 1.31 5.02
0.88 1.43 1.89 8.62
171 0
6 27 28 21 21
3.58 0.92 4.6 2.6 6.32
12.16 2.2 1.6 2.2 2.68
172 0
10 6 30 25 25
4.36 14.92 0.2 4.0 25.6
10.28 22.8 3.08 20.12 4.6
173 0
7 25 25 21
14.4 1.8 6.4 12.2
3.04 4.6 5.8 48.04
174 0
7 7 2 2
1.08 5.48 3.76 6.68
3.04 2.88 1.84 0.2
175 0
2 2
1.04 2.64
0.2 2.36
176 0
7 8 7 11 7 10 8 7 7 7 2 2 2 2 2 2 6 2 30
3.88 9.16 13.08 16.16 21.48 23.68 24.92 27.88 33.16 37.36 0.0 1.6 7.04 11.32 17.24 31.12 36.4 40.64 39.56
3.68 1.8 1.88 0.96 2.04 1.16 2.8 4.04 2.48 2.88 0.2 2.36 2.4 2.36 3.96 1.84 0.28 7.04 16.24
177 0
7 7 2
6.32 12.32 7.6
1.68 1.24 5.12
178 0
7 7 7 11 7 8 7 8 7 8 7 2 5 2 2 2 2 2 28 31 21 25
0.56 2.28 6.72 13.88 17.52 20.84 24.76 32.2 33.96 39.32 43.4 15.96 18.96 34.28 36.08 37.76 41.36 45.16 2.68 15.24 4.52 18.8
1.24 1.0 6.04 1.28 1.04 3.16 7.24 1.56 4.36 1.96 1.68 1.76 1.0 0.28 1.2 2.32 2.76 16.28 1.84 3.76 11.12 30.96
179 0
7 7 2 2 30 25
8.32 16.28 9.52 19.52 1.84 0.48
1.56 5.52 7.28 1.48 27.6 2.48
180 0
7 7 2 2 2 2 30 30 30
6.12 11.0 1.88 4.48 8.52 12.12 11.96 17.04 19.96
1.88 1.0 1.48 1.56 2.64 15.0 4.72 2.68 18.76
181 0
8 8 3 30
8.68 14.2 9.64 1.64
1.12 0.96 4.64 18.76
182 0
8 3 30
1.52 2.6 8.0
0.96 33.32 11.96
183 0
10 6 30
11.88 13.2 2.52
0.76 39.8 15.76
184 0
6 30 25
0.68 19.32 6.24
39.8 16.12 12.92
185 0
7 21
15.12 10.16
1.44 32.6
186 0
7 10 7 7 7 8 7 7 2 2 2 2 2 2 3 30
0.76 2.24 3.44 6.4 13.8 18.12 20.2 24.56 5.08 10.84 16.76 19.6 22.16 32.6 37.8 28.76
1.44 1.04 1.2 4.84 3.24 1.44 1.64 12.08 1.48 2.92 1.0 1.68 2.32 1.28 49.68 13.84
187 0
3 30 21 25
0.44 14.04 4.56 7.04
49.68 3.92 2.56 7.0
188 0
17 30
4.96 4.04
18.4 6.2
189 0
8 10 17 17 30 30 30 25 25
2.28 7.04 3.28 14.44 1.92 4.04 24.92 20.32 25.08
1.52 2.12 3.92 35.4 1.92 14.36 24.72 4.88 24.92
190 0
10 21
3.24 6.84
1.48 22.8
191 0
7
3.96
0.88
192 0
7 10
0.36 6.28
0.88 1.48
193 0
10 10
1.16 6.44
1.48 1.2
