0 0.0
1 42.66000137329102
2 3.37371428420349
3 7.148444433841441
4 0.0
5 2.1959999871253966
6 22.897384354013663
7 5.268852643480427
8 2.7163298824398785
9 2.9701384746111357
10 1.8803076776174399
11 3.0946500076912344
12 0.0
13 0.0
14 0.4621621614372408
15 0.20399999879300593
16 0.3374181812256575
17 2.756214291070189
18 0.0
19 1.5754285659108844
20 0.0
21 29.347346699237825
22 1.6919999957084657
23 93.04199795722961
24 0.0
25 10.837058826053843
26 0.0
27 3.8774117652107685
28 2.3088000098615886
29 2.1109091113914142
30 7.304727302898061
31 1.6343999889492988
32 0.0
33 0.0
34 0.368140126698336
35 0.43919999822974204
36 0.3040851047222919
37 12.302446023317485
38 0.48600000590085984
39 3.250849327649156
40 0.0
