161
1 
2 
4.11 
6.11 
2 
2 
19.01 
2.29 
3 
2 
22.4 
2.59 
4 
2 
26.28 
1.75 
5 
2 
30.98 
1.52 
6 
2 
32.95 
1.97 
7 
3 
14.71 
3.02 
8 
3 
24.08 
3.71 
9 
3 
30.41 
2.35 
10 
6 
3.9 
17.44 
11 
6 
9.57 
31.82 
12 
7 
1.79 
13.63 
13 
7 
5.02 
20.36 
14 
7 
5.57 
14.72 
15 
7 
11.27 
14.14 
16 
7 
13.79 
7.95 
17 
7 
42.38 
2.07 
18 
7 
43.94 
11.66 
19 
8 
4.06 
3.32 
20 
8 
7.55 
2.03 
21 
8 
9.33 
2.0 
22 
8 
12.72 
2.08 
23 
8 
14.19 
3.1 
24 
8 
19.64 
2.56 
25 
8 
20.87 
2.94 
26 
8 
33.12 
1.57 
27 
9 
0.16 
1.0 
28 
9 
10.56 
1.76 
29 
9 
12.72 
1.6 
30 
9 
19.25 
4.97 
31 
9 
24.38 
1.91 
32 
9 
37.02 
2.67 
33 
10 
3.96 
1.08 
34 
11 
10.32 
2.65 
35 
14 
2.05 
0.34 
36 
14 
5.1 
0.28 
37 
14 
5.27 
0.43 
38 
16 
3.39 
0.37 
39 
16 
3.6 
0.29 
40 
17 
5.89 
6.16 
41 
17 
9.67 
0.56 
42 
17 
14.91 
1.42 
43 
17 
17.35 
1.21 
44 
17 
21.24 
0.6 
45 
17 
25.34 
1.04 
46 
17 
29.4 
3.04 
47 
19 
1.0 
0.57 
48 
19 
3.55 
0.58 
49 
21 
14.14 
85.83 
50 
25 
1.71 
3.14 
51 
25 
2.26 
19.76 
52 
25 
5.77 
8.83 
53 
27 
4.02 
10.44 
54 
27 
5.32 
5.9 
55 
28 
3.12 
1.6 
56 
30 
1.73 
1.95 
57 
30 
2.73 
16.29 
58 
30 
6.0 
3.24 
59 
30 
10.21 
6.58 
60 
30 
18.32 
2.18 
61 
34 
0.09 
0.31 
62 
34 
0.27 
0.45 
63 
34 
0.73 
0.26 
64 
34 
0.92 
0.32 
65 
34 
2.74 
0.25 
66 
34 
3.58 
0.32 
67 
34 
4.27 
0.28 
68 
34 
4.48 
0.53 
69 
34 
6.12 
0.31 
70 
34 
6.32 
0.33 
71 
34 
7.09 
0.28 
72 
34 
7.33 
0.29 
73 
34 
7.58 
0.25 
74 
34 
8.56 
0.36 
75 
34 
9.55 
0.21 
76 
34 
10.92 
0.32 
77 
34 
11.87 
0.22 
78 
34 
12.17 
0.25 
79 
34 
12.6 
0.2 
80 
34 
15.3 
0.33 
81 
34 
25.6 
0.17 
82 
34 
33.73 
0.34 
83 
34 
34.0 
0.22 
84 
37 
14.53 
0.65 
85 
37 
30.4 
1.09 
86 
37 
37.3 
0.78 
87 
39 
1.03 
1.25 
88 
39 
3.01 
1.2 
89 
39 
9.22 
6.24 
90 
39 
9.71 
1.49 
91 
39 
21.39 
2.11 
92 
2 7 
0.65 4.75 
0.69 2.24 
93 
2 7 
2.33 4.75 
1.6 2.24 
94 
2 7 
4.77 8.56 
1.86 3.05 
95 
2 7 
6.69 8.56 
2.16 3.05 
96 
2 7 
6.69 12.73 
2.16 3.45 
97 
2 7 
6.69 17.21 
2.16 8.81 
98 
2 7 
6.69 22.18 
2.16 3.19 
99 
2 7 
6.69 26.01 
2.16 5.94 
100 
2 7 
6.69 31.33 
2.16 1.37 
101 
2 7 
6.69 33.31 
2.16 3.85 
102 
2 7 
6.69 36.51 
2.16 5.22 
103 
2 7 
11.83 12.73 
1.66 3.45 
104 
2 7 
11.83 22.18 
1.66 3.19 
105 
2 7 
14.28 22.18 
1.96 3.19 
106 
2 7 
16.06 18.59 
2.09 2.15 
107 
2 7 
16.06 22.18 
2.09 3.19 
108 
2 7 
16.06 26.01 
2.09 5.94 
109 
3 7 
2.67 8.56 
2.69 3.05 
110 
3 9 
2.67 4.04 
2.69 1.88 
111 
3 7 
7.69 8.56 
5.8 3.05 
112 
3 7 
18.57 18.59 
4.12 2.15 
113 
7 2 
1.03 6.69 
1.64 2.16 
114 
7 3 
1.03 2.67 
1.64 2.69 
115 
7 3 
1.03 7.69 
1.64 5.8 
116 
7 17 
1.03 2.72 
1.64 1.57 
117 
7 17 
1.03 4.34 
1.64 2.45 
118 
7 37 
1.03 3.93 
1.64 2.14 
119 
7 2 
1.3 2.33 
8.69 1.6 
120 
7 2 
1.3 6.69 
8.69 2.16 
121 
7 17 
1.3 12.35 
8.69 0.84 
122 
7 2 
4.75 4.77 
2.24 1.86 
123 
7 2 
4.75 6.69 
2.24 2.16 
124 
7 2 
4.75 8.14 
2.24 2.98 
125 
7 3 
4.75 7.69 
2.24 5.8 
126 
7 17 
4.75 6.19 
2.24 1.75 
127 
7 17 
4.75 12.35 
2.24 0.84 
128 
7 21 
4.75 11.89 
2.24 32.41 
129 
7 2 
8.56 16.06 
3.05 2.09 
130 
7 17 
8.56 12.35 
3.05 0.84 
131 
7 2 
12.73 16.06 
3.45 2.09 
132 
7 39 
12.73 16.57 
3.45 4.03 
133 
7 37 
17.21 22.51 
8.81 0.8 
134 
7 2 
26.01 28.4 
5.94 1.53 
135 
7 8 
26.01 31.23 
5.94 2.14 
136 
8 7 
0.86 8.56 
1.8 3.05 
137 
8 7 
2.89 8.56 
1.68 3.05 
138 
8 7 
28.0 33.31 
2.34 3.85 
139 
9 7 
1.09 4.75 
2.5 2.24 
140 
14 21 
3.04 11.89 
0.44 32.41 
141 
17 7 
0.6 4.75 
0.95 2.24 
142 
17 7 
0.6 8.56 
0.95 3.05 
143 
17 39 
0.6 11.86 
0.95 2.36 
144 
17 7 
2.72 4.75 
1.57 2.24 
145 
17 7 
2.72 8.56 
1.57 3.05 
146 
17 7 
2.72 12.73 
1.57 3.45 
147 
17 7 
4.34 4.75 
2.45 2.24 
148 
17 7 
12.35 12.73 
0.84 3.45 
149 
21 7 
5.21 8.56 
9.38 3.05 
150 
21 7 
11.89 12.73 
32.41 3.45 
151 
21 7 
11.89 26.01 
32.41 5.94 
152 
27 7 
1.58 4.75 
1.97 2.24 
153 
27 21 
9.11 11.89 
2.6 32.41 
154 
37 7 
3.93 4.75 
2.14 2.24 
155 
37 7 
3.93 22.18 
2.14 3.19 
156 
37 17 
3.93 8.32 
2.14 0.36 
157 
37 17 
3.93 12.35 
2.14 0.84 
158 
37 17 
3.93 19.52 
2.14 1.04 
159 
39 7 
1.34 4.75 
4.7 2.24 
160 
3 7 3 
2.67 4.75 7.69 
2.69 2.24 5.8 
161 
7 2 7 
4.75 11.83 12.73 
2.24 1.66 3.45 
