24
2
0.62 0.65 2.33 4.11 4.77 6.69 8.14 9.42 11.83 11.84 14.28 16.06 19.01 22.4 26.28 28.4 30.98 32.95 36.14 38.14 41.73 48.85 
7.08 0.69 1.6 6.11 1.86 2.16 2.98 6.54 1.66 7.14 1.96 2.09 2.29 2.59 1.75 1.53 1.52 1.97 1.22 1.56 2.03 1.72 
3
2.47 2.67 3.3 7.69 14.71 18.57 24.08 30.41 
30.96 2.69 46.14 5.8 3.02 4.12 3.71 2.35 
6
3.9 9.57 
17.44 31.82 
7
1.03 1.3 1.79 2.56 4.75 5.02 5.57 8.56 11.27 12.73 13.79 17.19 17.21 18.59 22.18 26.01 31.18 31.33 31.6 33.31 36.51 42.38 43.94 49.92 55.54 59.28 64.92 73.75 
1.64 8.69 13.63 29.66 2.24 20.36 14.72 3.05 14.14 3.45 7.95 19.99 8.81 2.15 3.19 5.94 21.76 1.37 13.07 3.85 5.22 2.07 11.66 4.98 19.9 2.76 5.44 3.26 
8
0.86 1.45 2.89 4.06 7.55 9.33 9.91 12.72 13.48 14.19 17.91 19.64 20.87 24.61 28.0 31.23 33.12 36.36 38.91 63.68 
1.8 9.18 1.68 3.32 2.03 2.0 5.9 2.08 8.92 3.1 1.67 2.56 2.94 2.25 2.34 2.14 1.57 1.52 2.45 2.54 
9
0.16 1.09 4.04 4.09 7.18 8.76 10.56 12.72 14.53 14.84 19.25 24.38 28.03 30.77 32.59 37.02 
1.0 2.5 1.88 6.29 2.15 5.52 1.76 1.6 4.91 1.03 4.97 1.91 2.15 2.46 4.11 2.67 
10
1.67 3.96 6.43 23.58 
1.19 1.08 1.31 1.9 
11
0.4 4.93 7.9 10.32 13.24 15.8 16.8 23.17 26.16 31.66 34.64 
2.62 1.47 1.6 2.65 1.96 6.44 1.52 1.27 2.02 2.2 2.16 
14
0.34 0.74 1.03 1.58 2.05 2.71 3.04 5.1 5.27 5.64 6.0 6.44 7.21 9.48 10.72 19.76 20.88 22.06 33.54 
0.22 0.3 0.47 0.22 0.34 0.33 0.44 0.28 0.43 0.32 0.52 0.4 0.29 0.38 0.14 0.36 0.44 0.3 0.32 
16
0.44 0.6 0.98 1.2 2.62 3.39 3.6 3.84 4.41 4.76 5.57 6.35 7.64 8.38 9.96 10.82 11.68 13.52 14.08 14.35 15.0 15.76 16.52 20.54 23.04 
0.2 0.25 0.2 0.27 0.38 0.37 0.29 0.18 0.24 0.28 0.33 0.23 0.2 0.22 0.2 0.28 0.24 0.3 0.2 0.25 0.4 0.22 0.24 0.2 0.44 
17
0.6 1.48 2.72 3.58 4.34 5.89 6.19 8.32 9.67 12.35 14.91 17.35 19.52 21.24 23.67 25.34 28.1 29.4 32.32 
0.95 7.41 1.57 7.68 2.45 6.16 1.75 0.36 0.56 0.84 1.42 1.21 1.04 0.6 5.73 1.04 1.04 3.04 0.88 
19
1.0 1.28 2.34 3.55 3.98 6.92 7.92 9.92 13.08 
0.57 3.3 0.5 0.58 2.38 0.28 2.07 1.26 0.6 
21
5.21 9.84 11.89 14.14 61.44 
9.38 156.58 32.41 85.83 22.28 
23
13.8 23.7 
168.34 38.42 
25
1.71 2.26 5.77 8.88 21.94 22.96 
3.14 19.76 8.83 18.72 27.94 4.74 
27
1.58 4.02 5.32 9.11 16.6 37.24 
1.97 10.44 5.9 2.6 3.39 1.78 
28
3.12 5.39 8.82 11.78 16.84 33.1 
1.6 1.43 1.78 3.86 1.52 1.82 
29
0.26 39.34 
2.52 1.58 
30
1.73 1.94 2.73 6.0 10.21 18.32 19.64 35.24 
1.95 26.02 16.29 3.24 6.58 2.18 17.44 1.06 
31
1.2 
2.52 
34
0.09 0.27 0.73 0.92 1.51 2.18 2.4 2.74 3.12 3.58 3.96 4.27 4.48 5.5 5.96 6.12 6.32 6.64 7.09 7.33 7.58 7.82 8.56 8.9 9.55 9.66 10.23 10.46 10.92 11.24 11.87 12.16 12.17 12.6 12.77 13.29 13.7 15.3 16.03 16.56 17.52 18.78 18.9 19.88 20.22 20.86 21.16 21.5 21.76 22.12 22.66 22.93 23.78 24.17 24.72 24.98 25.38 25.6 26.62 27.82 28.24 28.67 30.36 33.73 34.0 35.16 35.82 38.24 39.8 40.8 44.18 45.76 55.7 56.3 57.64 68.08 72.14 
0.31 0.45 0.26 0.32 0.23 0.38 0.54 0.25 0.54 0.32 0.22 0.28 0.53 0.16 0.16 0.31 0.33 0.16 0.28 0.29 0.25 0.18 0.36 0.72 0.21 0.38 0.36 0.56 0.32 0.32 0.22 1.04 0.25 0.2 0.27 0.24 0.12 0.33 0.39 0.28 0.18 0.16 0.48 0.24 0.16 0.32 0.18 0.46 0.46 0.3 0.22 0.36 0.3 0.21 0.16 0.64 0.56 0.17 0.2 0.36 0.32 0.2 0.4 0.34 0.22 0.18 0.3 0.2 0.3 0.26 0.26 0.24 0.36 0.52 0.34 0.16 0.26 
36
1.52 1.91 4.12 12.0 
0.56 0.24 0.24 0.12 
37
3.93 5.32 14.53 22.51 30.34 30.4 37.3 41.56 65.2 87.96 
2.14 29.73 0.65 0.8 44.18 1.09 0.78 4.84 1.38 0.32 
39
1.03 1.34 3.01 5.04 7.11 9.22 9.71 11.86 15.38 16.57 21.39 27.12 30.7 36.96 37.44 42.83 
1.25 4.7 1.2 1.7 2.23 6.24 1.49 2.36 2.08 4.03 2.11 3.44 1.9 7.2 2.12 4.16 
